140.903 5.51299 12.2101
124.512 26.9611 3.6145
132.531 18.9944 -15.9717
130.29 -14.6264 -15.0791
141.328 -0.165404 -16.9132
86.1172 -14.6333 -23.9306
117.233 -17.3328 4.08099
109.806 -5.97239 23.375
103.798 16.5681 -6.27794
90.223 28.326 12.4307
92.7882 17.5657 26.3185
100.47 -15.7098 2.31073
94.6005 -14.9549 19.6574
89.762 0.941944 -14.1928
91.5039 18.6466 0.284666
95.1187 1.90599 25.831
78.8393 16.1275 -10.9563
49.3935 -0.548796 -11.4255
54.7709 5.93181 3.90114
58.0479 -15.7121 -1.90592
65.4499 -3.5279 15.3423
59.2225 12.6272 -10.5776
62.915 -16.047 -17.1707
69.3625 -18.1045 6.47405
78.2607 -16.0916 17.2161
80.5754 -0.225105 20.1241
70.2778 12.6215 5.10882
70.8742 0.941327 -16.4559
83.295 14.3208 13.9656
27.8249 -3.25326 -11.4357
16.5183 -8.33765 0.166844
29.1128 -15.9423 7.49845
35.133 0.532357 7.70687
38.4598 -14.9173 -8.89253
100.988 -15.4989 -36.7277
48.8753 -9.17912 11.2602
106.478 -15.7316 -15.7181
107.756 28.7007 13.8259
123.649 -13.6464 21.683
135.751 -12.8624 5.43369
101.717 29.8678 -1.32261
115.886 18.9935 -13.5685
112.276 6.69936 -5.6255
147.65 -14.6549 -8.70162
125.542 4.65647 -11.7669
119.262 -11.3965 -28.7462
101.021 -0.243468 -22.3717
110.984 11.0445 26.281
106.129 27.7424 29.3822